1
69
1901
1976
1976
9743
9743
9743
9743
12545
12545
12545
17747
17747
17747
17948
17948
17948
17948
20083
20083
20083
20083
22328
22328
22328
26747
26747
26747
30679
30679
30679
30679
34507
34507
34507
37331
37331
37331
37331
37331
37999
37999
37999
57930
57930
57930
57930
61585
61585
61585
61585
66082
66082
66082
66082
71798
71798
71798
84871
84871
84871
87694
87694
87694
87694
97936
97936
97936
97936
98232
98232
98232
98232
99285
99285
99285
99285
99473
99473
99473
102454
102454
102454
111128
111128
111128
111128
111460
111460
111460
111460
121919
121919
121919
121919
125451
125451
125451
131484
131484
131484
131484
134769
134769
134769
137341
137341
137341
141582
141582
141582
141582
143623
143623
143623
143623
156810
156810
156810
156810
156901
156901
156901
158390
158390
158390
158390
164092
164092
164092
164092
175970
175970
175970
177000
177000
177000
177000
183331
183331
183331
183331
190121
190121
197665
197665
