8
11
15
34
62
89
97
148
172
197
248
254
275
293
298
342
366
371
383
388
411
479
491
493
506
524
532
572
582
607
622
651
652
663
705
720
779
795
796
801
815
819
835
839
853
893
919
920
926
945
992
1015
1034
1042
1049
1077
1078
1084
1133
1148
1178
1196
1232
1234
1248
1252
1274
1278
1291
1295
1299
1320
1339
1344
1360
1366
1372
1404
1411
1462
1473
1524
1534
1536
1551
1564
1587
1660
1693
1705
1709
1741
1761
1768
1790
1794
1857
1864
1880
1887
1888
1898
1913
1927
1931
2004
2020
2061
2087
2124
2129
2135
2143
2170
2228
2233
2234
2236
2246
2282
2310
2336
2342
2356
2358
2363
2392
2395
2428
2499
2501
2512
2515
2563
2607
2614
2624
2648
2657
2683
2722
2736
2790
2798
2819
2823
2832
2835
2847
2867
2882
2901
2913
2952
2958
2961
2968
3017
3071
3078
3080
3098
3118
3125
3171
3198
3280
3287
3312
3315
3349
3362
3377
3394
3395
3401
3409
3420
3423
3424
3441
3463
3467
3470
3498
3572
3612
3633
3701
3728
3754
3802
3828
3841
3858
3871
3893
3895
3943
3957
4001
4015
4051
4057
4089
4116
4143
4163
4218
4220
4222
4235
4246
4328
4356
4360
4370
4372
4401
4406
4412
4445
4456
4475
4561
4573
4575
4589
4605
4630
4634
4641
4650
4688
4689
4705
4706
4716
4729
4732
4746
4755
4757
4776
4778
4793
4814
4894
4904
4919
4964
4971
4986
4991
5009
5031
5087
5094
5102
5108
5111
5117
5131
5145
5150
5184
5185
5188
5191
5207
5224
5259
5278
5282
5285
5287
5314
5316
5334
5338
5350
5361
5386
5398
5414
5472
5478
5493
5507
5513
5532
5607
5618
5664
5690
5696
5721
5723
5743
5802
5804
5947
5949
5985
5990
6034
6041
6042
6048
6050
6106
6141
6177
6199
6204
6208
6270
6278
6303
6305
6358
6361
6378
6379
6387
6419
6481
6518
6544
6557
6558
6562
6590
6673
6675
6701
6714
6721
6760
6770
6838
6846
6896
6931
7083
7100
7156
7160
7223
7226
7231
7232
7239
7285
7304
7314
7315
7329
7330
7338
7356
7399
7416
7440
7500
7523
7540
7546
7569
7590
7601
7616
7624
7643
7645
7664
7671
7684
7708
7709
7727
7747
7750
7797
7809
7846
7853
7888
7894
7899
7903
7947
7891
7955
7986
7991
8011
8039
8040
8058
8079
8089
8099
8120
8121
8122
8166
8175
8211
8266
8267
8296
8328
8342
8359
8366
8368
8395
8421
8473
8479
8482
8489
8492
8502
8606
8609
8622
8627
8633
8644
8647
8699
8727
8735
8738
8753
8757
8777
8785
8808
8855
8861
8866
8919
8940
8925
8946
9004
9009
9011
9024
9035
9070
9110
9204
9207
9210
9212
9224
9329
9334
9413
9418
9423
9431
9437
9447
9455
9465
9467
9489
9502
9540
9547
9548
9578
9596
9597
9619
9630
9657
9663
9664
9673
9679
9690
9768
9782
9792
9809
9814
9858
9859
9889
9899
9923
9934
9937
9945
